Distancias A
B 11307 B
C 5824 17082 C
D 14924 7918 16867 D
E 10428 10721 11129 19456 E
F 21723 13621 16883 11359 9819 F
G 14091 11082 10268 19517 3094 7930 G
H 15147 17817 8849 15156 8471 5410 5721 H
I 8057 10261 12684 4368 17680 13582 22415 16350 I
J 12958 11446 11743 18546 3515 7580 1006 6902 21366 J
K 23386 10168 17991 11866 9210 2652 6379 6560 14414 5920 K
L 15500 12168 12699 14420 5927 4682 3344 5297 17788 2454 4496 L
M 12061 9628 12519 16000 1838 10414 3942 11409 18236 3838 9641 6310 M
N 15423 8788 13946 16257 3308 9128 2801 8706 19545 2656 6267 3596 2023 N
O 5553 13847 4925 21791 6033 15458 9040 9411 15745 10143 14319 11125 8278 10568 O
P 10534 10331 10526 4281 21683 12761 22244 15042 525 20869 15293 21406 19922 20527 15190 P
Q 17011 3663 20854 10016 9973 8441 9418 14906 11602 9224 6596 8030 7136 7767 17793 14164 Q
R 15952 12171 13398 15732 3524 8494 2013 6165 21510 955 6265 1948 3450 2186 9352 22979 8498 R
S 13212 22618 8105 14149 13748 7757 8755 4651 14932 10262 11018 9842 12792 12285 10919 12558 17916 12447 S
T 17062 7896 21693 9214 10852 5413 9804 10926 16068 8566 3292 5448 7907 6414 17613 15137 3913 7175 12359 T
U 14085 10103 13438 15586 2514 10014 1890 7727 22476 1737 7027 3932 2275 1261 9239 21868 7896 1533 12962 7848 U
V 19532 11193 18147 11283 8381 2770 6470 6702 16096 5886 260 4363 8564 6574 15826 16328 6276 6301 9111 3011 6420 V
W 6848 10018 10738 6988 19980 18597 23349 17057 2046 19393 19014 19219 16008 20061 14287 2643 13224 21055 12652 17364 19415 16188 W
X 12574 19740 8193 18914 8569 6689 5499 2552 17210 6424 7786 6613 10355 7435 8005 19409 15591 7314 5397 11785 7273 8261 16532 X
Y 5543 10389 9284 7917 14702 19760 19093 20224 3575 18299 19216 21003 13673 15664 10788 3959 13865 17802 14865 15591 19422 18837 1879 19492 Y
Z 13992 11996 9910 18276 2764 9363 691 5732 23472 1544 7983 3695 4034 3100 6964 20473 9924 2624 10066 10496 2372 8143 22545 5501 20151 Z
